time,x,y,z,phi,theta,psi,x_velocity,y_velocity,z_velocity,phi_velocity,theta_velocity,psi_velocity,rotor_speed1,rotor_speed2,rotor_speed3,rotor_speed4
0.06,8.98648049597e-08,9.27601978269e-10,10.0053853207,1.08501069018e-06,6.28303943421,0.0,1.07175383684e-05,9.26765519039e-08,0.179498775765,5.42294524864e-05,-0.00780117229277,0.0,461.15145817481937,460.53498683060553,462.0248004342031,462.0290747411426
0.12000000000000001,6.5248014082e-06,-3.22928423301e-08,10.0229371984,6.2828815185,6.28235834701,0.0,0.000271700379969,-1.60836558569e-05,0.405510382319,-0.0180987616564,-0.0196150108161,0.0,475.64004845482,474.73470514630196,476.0282870687846,474.6374646309735
0.18,4.26257276575e-05,-1.08002441346e-05,10.0489385209,6.28172467051,6.28155596948,0.0,0.00102394059838,-0.000449760453749,0.461178933695,-0.0217561427869,-0.00314874136309,0.0,423.05106407569036,424.46637510612976,421.9674620828874,421.65168574030815
0.23999999999999996,0.000139779556308,-7.43149119157e-05,10.0803588477,6.28026470745,6.28110129686,0.0,0.00224639934339,-0.00181283828916,0.586108614689,-0.0300597520738,-0.0183660642075,0.0,444.9379570813889,443.6906690472886,445.9896667188994,445.3109573478681
0.3,0.000317522905534,-0.000244013056876,10.1166389832,6.27864890234,6.27962287326,0.0,0.00379370547172,-0.00400158693646,0.623208606437,-0.0213096794631,-0.0417393962573,0.0,417.60203760712244,415.5582794718535,416.70500656307075,417.468859064204
0.36000000000000004,0.000618868560064,-0.000571311822512,10.1547393111,6.27780840887,6.27736203543,0.0,0.00646624031313,-0.00700169086366,0.646787673243,-0.00238912476097,-0.0305991723547,0.0,411.4490232815819,412.4331470949776,411.93617566717523,413.6057160239784
0.4200000000000001,0.00114479073377,-0.00111194033009,10.1982682478,6.27713894245,6.27515312735,0.0,0.0112824383147,-0.0110496633441,0.80407739802,-0.0413315539535,-0.0536842638958,0.0,456.7870298311539,454.9419183892781,456.04267143874597,452.92186680972986
0.48000000000000015,0.00203826597571,-0.00193769715518,10.2539719313,6.27509389441,6.27210396581,0.0,0.0188863944075,-0.0167511189777,1.05251117064,-0.022535943229,-0.0456318140235,0.0,482.52567464751337,483.1316678314915,481.25769704510606,482.6776143122022
0.5400000000000001,0.00342196636709,-0.0031218181551,10.3211101496,6.27471361459,6.26966291266,0.0,0.0275105631011,-0.022798801334,1.18529676652,0.0145787430722,-0.0322775973156,0.0,447.77955630576156,448.86358357687607,446.8216235138209,449.8368589180827
0.6000000000000002,0.00533738355367,-0.00464846351555,10.3936595547,6.27543557833,6.26795925318,0.0,0.0365066067354,-0.028013195521,1.23296431659,0.00638072919785,-0.0215822287465,0.0,420.30843777879437,421.2339605350273,422.43293681693785,421.7253876511688
0.6600000000000003,0.0078452377136,-0.00648660358983,10.470498732,6.27605138463,6.26646335511,0.0,0.0472271485106,-0.0332058047973,1.32823339036,0.0170756895552,-0.032650310971,0.0,437.70668163123275,436.7845680896851,436.22086815200686,437.1128373091387
0.7200000000000003,0.0110626612408,-0.00863452609434,10.5549934102,6.27654809995,6.26437896322,0.0,0.0602405946323,-0.0382917795556,1.48805786409,-0.0221169267004,-0.0392848204518,0.0,456.73206569627604,456.2021883810477,459.6157904413339,456.4993180684899
0.7800000000000004,0.0151424382005,-0.0110985479984,10.6508329042,6.27538382145,6.26246776994,0.0,0.0759974172673,-0.0439884636433,1.70628560783,-0.0144680154254,-0.0200694542976,0.0,474.4907272355708,475.9631062975764,474.7000495679768,475.28664283999325
0.8400000000000004,0.0201618887485,-0.0139127242453,10.757497503,6.27434581495,6.26119276452,0.0,0.0914469398624,-0.0499181228922,1.84897671651,-0.0236694679728,-0.0237223235442,0.0,452.3847084760282,452.0905078740955,454.3701402278356,453.6319904495971
0.9000000000000005,0.0261467443834,-0.0171111694653,10.873152997,6.2732320662,6.25946371267,0.0,0.108213234612,-0.0568324868412,2.00593818017,-0.00992373699986,-0.0416988735724,0.0,458.74481075136373,457.31497478263174,457.34314844754914,458.43664053154254
0.9600000000000005,0.0331307387922,-0.0207249132199,10.9961594684,6.27316165511,6.25676206062,0.0,0.124842317582,-0.0636533384643,2.0941121501,0.0122357144353,-0.0526891068079,0.0,438.1665541709054,437.25073821589604,435.6556565810666,437.5044993601348
1.0200000000000005,0.041236562553,-0.0247695569669,11.1269311863,6.27360400765,6.25362102598,0.0,0.145697040857,-0.0710961142993,2.26461244414,-0.00476186730786,-0.051682216567,0.0,462.895078345685,462.97264220433755,463.680989567572,462.34371605944864
1.0800000000000005,0.0507142246908,-0.02927072171,11.2695633198,6.2731949359,6.25041330885,0.0,0.170590254689,-0.078979628898,2.48931614444,-0.0112845551471,-0.0572812508033,0.0,480.3226213533448,479.8961714329237,479.50803090931,479.0123984453106
1.1400000000000006,0.0617321652473,-0.0342460458405,11.4246872166,6.27291722614,6.24695115799,0.0,0.197058133485,-0.0869123513905,2.68103384861,0.00615088988615,-0.0585582760055,0.0,470.7872699361164,470.6863559472692,470.5722981717562,471.9200709441048
1.2000000000000006,0.0743597802297,-0.0396831648924,11.5896905036,6.27341798424,6.24318638109,0.0,0.224239180996,-0.0942744657937,2.81872879395,0.0124097663937,-0.0728105581493,0.0,456.9139538719867,455.7734928920224,454.7279116321258,455.2288904998177
1.2600000000000007,0.088614198026,-0.0455285113626,11.760762501,6.27429455988,6.23878338045,0.0,0.251325209368,-0.100490124918,2.88348892467,0.018681320217,-0.0745535789184,0.0,433.7251248434759,433.5743744523127,433.1317535018152,433.6587785665357
1.3200000000000007,0.104654435749,-0.0517427049091,11.9373557072,6.27518656087,6.23440836757,0.0,0.283798115337,-0.10654011611,3.00262028019,0.00586994149669,-0.0698310892933,0.0,450.20197719908384,450.57986766310677,452.2703732006423,451.23723784656823
1.3800000000000008,0.122660009684,-0.0582912571591,12.1196014768,6.27617820762,6.23087766469,0.0,0.316747599161,-0.111672482879,3.07203080738,0.0321057845343,-0.0429173182054,0.0,434.8209671512675,437.06709599709,435.2226299204489,437.41296239433836
1.4400000000000008,0.142868972736,-0.0651433964566,12.3090751409,6.27833640959,6.22829354753,0.0,0.357148018883,-0.116498479515,3.24326726413,0.0427523759664,-0.0433728636436,0.0,467.91072480331326,467.8743346779779,467.7387853242392,468.5676956019669
1.5000000000000009,0.16552678622,-0.0722308053616,12.5082069623,6.28091901918,6.22555213146,0.0,0.398378088312,-0.119465192475,3.39400202535,0.0436192983946,-0.0507808499023,0.0,463.20662978626495,462.6225392088427,462.81051177300134,462.8796850322791
1.560000000000001,0.190697131167,-0.079437871453,12.7159937727,0.000568683348746,6.22320786987,0.0,0.440889291205,-0.1204759695,3.5317847504,0.0536665738048,-0.0223788351499,0.0,458.7048024423576,460.95391866447545,459.5837469841221,460.38067845269586
1.620000000000001,0.218383696342,-0.0866428210662,12.9307301869,0.00413479181828,6.22156431716,0.0,0.482123470486,-0.119345020972,3.62578482247,0.0690068428274,-0.040007997159,0.0,447.0747839913971,445.6357774764744,447.65965594387154,448.90863405670916
1.680000000000001,0.248623117361,-0.0937005665761,13.1517764897,0.00787232510126,6.21877663359,0.0,0.526096133954,-0.115498995259,3.74202330273,0.0434110079484,-0.064266906366,0.0,456.4352909609797,454.4936424090804,455.32005464765456,453.27016177466464
1.740000000000001,0.281510706367,-0.100461665464,13.3789630903,0.0102162588795,6.21443580464,0.0,0.570535690325,-0.109624072495,3.83052941235,0.0285323584182,-0.0979482006795,0.0,448.10971722229834,445.3586336387434,448.1346395239891,446.9242440272206
1.8000000000000012,0.317133838835,-0.10682983564,13.6110755645,0.0114616301472,6.20841547465,0.0,0.617465474291,-0.102497870806,3.90623687821,-0.0031701404254,-0.105604489304,0.0,444.6351262391613,443.99866411594013,444.6600188358816,442.05514524233564
1.8600000000000012,0.355606332784,-0.112765708073,13.8465691699,0.0115737031289,6.2018315431,0.0,0.665534447804,-0.0953685674713,3.94335614073,0.0104081437982,-0.119615072334,0.0,433.26373577538374,432.07294869394144,431.12165237812826,432.2674687942786
1.9200000000000013,0.39728674578,-0.11824134721,14.08666977,0.0121234881944,6.19484507692,0.0,0.724512343769,-0.0870968709673,4.05950239274,0.00654880918271,-0.110753191079,0.0,457.1590632031806,457.8529278383409,457.68544210117847,457.37803329640207
1.9800000000000013,0.442432186227,-0.1232396833,14.3312882268,0.0120893948577,6.18790927176,0.0,0.780943170125,-0.0794940309053,4.09423776423,-0.0212368377081,-0.127653340268,0.0,433.9697085749153,432.5361277452088,433.7359022214715,431.3958605230515
2.0400000000000014,0.491317484466,-0.127761140089,14.5802741686,0.0108375768748,6.18099631246,0.0,0.849266782758,-0.0713573443089,4.20478524524,-0.0201275453577,-0.0977914121036,0.0,456.3608590544602,458.72640103049974,456.9912280391122,457.07967220108367
2.1000000000000014,0.544551676353,-0.131808811062,14.836952819,0.00986534566102,6.17504683593,0.0,0.925781800183,-0.0636888780011,4.35051893788,-0.00932863559616,-0.102039132146,0.0,469.47560892316403,469.1379843495161,468.27774157516166,469.11718528175714
2.1600000000000015,0.602120316585,-0.135449329317,15.0988332237,0.00983786249809,6.1684266124,0.0,0.99372252708,-0.0576865017296,4.37861749721,0.0130941249879,-0.137233005739,0.0,435.2041242003569,432.2359946048718,432.7569374584538,434.6404756351392
2.2200000000000015,0.665130713194,-0.138620225123,15.3729722489,0.0108908403598,6.16017218141,0.0,1.10761414044,-0.0478938064013,4.75763534087,0.0252324525011,-0.138263621591,0.0,536.0960202870378,536.0119982820116,535.7328528081696,536.5574817888681
2.2800000000000016,0.733442317802,-0.14132750976,15.6556782603,0.0126918060183,6.15237607756,0.0,1.17006381506,-0.0422230230637,4.66615443438,0.0381840004106,-0.117045140174,0.0,396.26392089164415,398.19195336151375,397.08716643644766,398.2740930605225
2.3400000000000016,0.806042083676,-0.143623588496,15.9361141613,0.0149705670225,6.14519531226,0.0,1.25053706593,-0.0341114038129,4.68149911638,0.0375669782038,-0.125544431383,0.0,433.65643160249266,432.9284433142509,433.1336032320479,433.0824346875542
2.4000000000000017,0.883658824314,-0.145385640513,16.217876082,0.0170415616363,6.13814424997,0.0,1.33731365368,-0.02442955361,4.71028195567,0.0275872263743,-0.104996100222,0.0,437.54497194791065,439.2396819838129,438.0866708363132,437.25647149966017
2.4600000000000017,0.967271554649,-0.146451856878,16.5058612612,0.0190971505949,6.13158425533,0.0,1.45036722684,-0.010914026347,4.88827568504,0.0450588684703,-0.119833354381,0.0,484.9568179596046,483.83132433595614,483.7402958739894,485.05467169354256
2.520000000000002,1.05689527347,-0.146773739778,16.7985076185,0.0218669027842,6.12412816926,0.0,1.53769084482,0.000412817300182,4.86651898599,0.0482825813826,-0.135059058566,0.0,424.2651292205999,422.9405787904158,424.45519432032506,424.73316965919787
2.580000000000002,1.1524719654,-0.146287643454,17.0934529822,0.0246770275271,6.11554902218,0.0,1.64893612851,0.0160655298803,4.9643218388,0.043772534321,-0.167681638142,0.0,464.21087261680276,461.6243933700969,462.4217343200553,462.06748974988216
2.640000000000002,1.25487708054,-0.144810333294,17.3940741511,0.0270500724285,6.1055568185,0.0,1.76547151014,0.0334138711165,5.05567579411,0.0293844421841,-0.164342894177,0.0,462.34564900741447,462.5833359915282,462.18583036816773,461.0509985414709
2.700000000000002,1.36487103203,-0.142187542898,17.7023258748,0.0291333721947,6.09558015146,0.0,1.90191712721,0.0541984873652,5.21828679853,0.043688987682,-0.170453040901,0.0,484.7210537951335,484.2376385126731,484.84321162463215,485.91726753315606
2.760000000000002,1.48270686282,-0.138356289439,18.0173320842,0.03135260495,6.08505068492,0.0,2.02683741365,0.0737298383324,5.28127330602,0.0181535465618,-0.188163697346,0.0,457.719503041494,456.27852294928334,457.99377450997156,455.9584909332359
2.820000000000002,1.60790498196,-0.133369223793,18.334407182,0.0323771180792,6.07357314499,0.0,2.14737542079,0.0925866900544,5.28749447326,0.0148264462574,-0.198414158422,0.0,440.14367648097715,439.25813283745237,441.0380104620111,440.7630013951215
2.880000000000002,1.74165476782,-0.127065381585,18.6570047896,0.0329091904837,6.06182036583,0.0,2.31203766036,0.117582632654,5.46439830905,-0.00703100693703,-0.191246628482,0.0,492.95125644529884,493.44734141315047,494.86593123793864,493.25406927550046
2.940000000000002,1.88396947571,-0.119484581838,18.9832157544,0.0328607336979,6.05019966792,0.0,2.43268854618,0.135090029752,5.40916982169,0.00939220258317,-0.199039156061,0.0,423.7482208974605,423.03893695507213,423.20269850269824,424.61428067966114
3.000000000000002,2.03524126048,-0.110641538288,19.3124812792,0.0331609762048,6.03862274011,0.0,2.61071896684,0.15968369579,5.56500278566,-0.00566129650151,-0.182944255888,0.0,490.22112901782083,491.3831488857423,491.00100086021763,489.8826779474765
3.0600000000000023,2.196596497,-0.100433229796,19.6476714356,0.0325270944341,6.02753339433,0.0,2.76866293031,0.180526038571,5.60727183831,-0.0228269255362,-0.188864747955,0.0,459.4524667678216,458.9507682043448,458.9317528819959,457.56707301568605
3.1200000000000023,2.36735646316,-0.0890253039259,19.9843035713,0.0310724732116,6.01674966765,0.0,2.92418337478,0.199595960288,5.61324588585,-0.0272390776235,-0.165881916296,0.0,447.8436705286965,449.67817892280146,448.80980283681646,448.4514068805673
3.1800000000000024,2.54709834834,-0.0765607592921,20.3193237699,0.0292903056004,6.00676211598,0.0,3.06795318117,0.215749630982,5.55392404939,-0.035150952973,-0.167637813314,0.0,428.50794215553196,428.330993202769,428.33633247796917,427.66247905886524
3.2400000000000024,2.73728868743,-0.0629886230391,20.6566006273,0.0271636872521,5.99652786136,0.0,3.27245349511,0.236389238003,5.68730019238,-0.0360354037707,-0.177188113769,0.0,489.95749710763874,489.22175154610534,490.2950415989751,490.22889589759
3.3000000000000025,2.9396915591,-0.0482506927694,21.0009103511,0.0248828148377,5.98607627898,0.0,3.47505106552,0.254614949874,5.78846943029,-0.042298722114,-0.168797696217,0.0,481.95319151824333,482.56043430603467,483.9202319569289,483.4478663239939
3.3600000000000025,3.15329283935,-0.0325614933752,21.3474690633,0.0222901658703,5.97595760927,0.0,3.64569757912,0.268131641579,5.76302054956,-0.0450998466798,-0.168340266749,0.0,445.6773766907543,445.6876297533083,445.3226855379588,445.0924097642646
3.4200000000000026,3.37731995071,-0.0161049640159,21.6925488325,0.0194720559312,5.96618431654,0.0,3.82254299671,0.280175992156,5.73913841765,-0.0509940397558,-0.153767151907,0.0,446.35374559345945,447.5164717832785,447.3317224818189,446.8500618340718
3.4800000000000026,3.61384345145,0.00112445952595,22.0414173959,0.016936497015,5.95669906678,0.0,4.06207623802,0.29380496538,5.88820450255,-0.0288722103751,-0.168531917375,0.0,502.3507629738011,501.257996678547,501.4024283780848,503.0064735436065
3.5400000000000027,3.86322388875,0.0190358502453,22.3941425803,0.0158198021919,5.94643192604,0.0,4.25125385275,0.303114237749,5.86868678391,-0.00346933094974,-0.176863739411,0.0,453.17521832246047,452.47723751400315,452.1038489247253,454.14649137970275
3.6000000000000028,4.1239212623,0.037481081858,22.7450970655,0.0154053018957,5.93543638169,0.0,4.43934392161,0.311692847638,5.82925068981,-0.0148696397753,-0.200799142816,0.0,449.52218057441536,447.54496450061623,447.5117789630454,446.5827020829526
3.660000000000003,4.39626041287,0.0564389524655,23.0941472981,0.0144115166871,5.92352051598,0.0,4.63938247454,0.320145035976,5.80501715485,-0.0201852597305,-0.194529573291,0.0,454.13151006036617,454.59658860959905,454.131473359984,453.70487517318077
3.720000000000003,4.6821070308,0.0759345338806,23.4451773932,0.0130701556868,5.91147926421,0.0,4.88947793272,0.329556423276,5.89441923058,-0.0270949386391,-0.217297396055,0.0,492.59756067793194,490.87478610627835,492.2694050876279,491.75774186965606
3.780000000000003,4.98263758456,0.0959468074582,23.800081891,0.0116625005591,5.89824862088,0.0,5.12895805613,0.337360088951,5.93436874976,-0.0170366990619,-0.227852659278,0.0,480.8071179900159,479.96223042700757,478.93748281805006,479.7020497619706
3.840000000000003,5.29820440019,0.116413457295,24.1583645483,0.0104253294682,5.8844928263,0.0,5.39067129373,0.344731333737,6.00667524354,-0.028971463626,-0.232239061976,0.0,492.98635605805936,492.6154162460968,493.4225387437287,492.5404905499756
3.900000000000003,5.62772555432,0.137246409308,24.5161699316,0.00891055496275,5.87031557146,0.0,5.59420193736,0.349572465664,5.91956866424,-0.0186794282465,-0.245927686515,0.0,445.34852924568946,444.17114640733485,444.0783778500925,444.92194958571764
3.960000000000003,5.97107496272,0.158375771937,24.8718977041,0.00733138402371,5.8551160588,0.0,5.85155859168,0.3546112571,5.93650923311,-0.049525363241,-0.275235581209,0.0,482.0989013747441,479.81824303558454,481.6117552605794,479.2721382849502
4.020000000000002,6.3275552746,0.179733406313,25.2229448809,0.00455007497529,5.83804999685,0.0,6.03212963313,0.3571287677,5.76487331903,-0.040670105564,-0.318003019973,0.0,421.7401812922842,417.93754326930105,418.40793563408965,419.1770071989547
4.080000000000001,6.69544075088,0.201211010867,25.5643849538,0.0015761330947,5.81947587474,0.0,6.23181328364,0.358619428168,5.61590561045,-0.0806992523089,-0.296567458356,0.0,427.20333513244225,428.9253051550306,430.4027196485826,426.99808308249794
4.14,7.07651607062,0.222733300118,25.8987505622,6.27974111016,5.80165571767,0.0,6.4716323995,0.358420720134,5.52852900523,-0.0903975907249,-0.297885160606,0.0,452.55235805168905,452.35819355257985,451.56719949746696,450.7782780903813
4.199999999999998,7.47103326197,0.244176197718,26.2255001976,6.27438622662,5.7839750034,0.0,6.67989538306,0.35600369468,5.36261015534,-0.0870442777581,-0.288946385424,0.0,426.23725348028233,426.9083992861586,425.25152142724147,425.5317337878227
4.259999999999997,7.8801830453,0.265372194482,26.5457363295,6.26920287423,5.76677529982,0.0,6.95915794461,0.350128473041,5.31040699956,-0.0851110755617,-0.282454293712,0.0,468.3887599262701,468.8147746870752,467.7142114656999,467.8590470922472
4.319999999999996,8.30582413656,0.286147219212,26.8618246229,6.26456959662,5.74976479356,0.0,7.22955795758,0.342029741396,5.22455588786,-0.0648655433737,-0.285699203911,0.0,460.0006853541393,459.66499945752827,459.351679988122,460.950193927253
4.379999999999995,8.7485752045,0.306349460698,27.1737571507,6.26058600707,5.73244329031,0.0,7.52937317937,0.331098536975,5.17148025755,-0.0696365026972,-0.295453512247,0.0,475.3232814086186,474.49595760852617,474.6088542213668,474.2394395707015
4.439999999999993,9.20582124544,0.325974777751,27.4763280034,6.25625177071,5.71533962473,0.0,7.71304719524,0.322868687883,4.91421128383,-0.0780216082277,-0.269801933702,0.0,400.8758097226848,403.1081033026986,401.799140990461,401.03323706735233
4.499999999999992,9.67661896006,0.344960349251,27.7671376753,6.25210194823,5.6995182701,0.0,7.98069911543,0.30971953995,4.77837752445,-0.0556329792439,-0.253659686492,0.0,449.12211266561263,450.36043757817714,448.51348911903796,450.32500960202447
4.559999999999991,10.1636601865,0.363105715785,28.0497258216,6.24897553725,5.68455185837,0.0,8.25437287047,0.294945363717,4.64016951162,-0.0458539320307,-0.242126151985,0.0,450.59044356803366,451.46069558268397,451.2452978871344,452.03256516151055
4.6199999999999894,10.6659546934,0.380393508239,28.3220122104,6.24611905173,5.67005372788,0.0,8.48923057692,0.281173517337,4.43555294823,-0.0513686149417,-0.240673797942,0.0,428.7614478416079,428.8241835914451,427.81483818300694,427.34336655676367
4.679999999999988,11.1837617333,0.396754494986,28.5838040307,6.2427118429,5.65581542007,0.0,8.77119788127,0.264023784568,4.28977415779,-0.0707471796257,-0.231310959414,0.0,452.95186359342546,453.6494247324202,452.76526423527906,451.2006374588694
4.739999999999987,11.7177873853,0.412089133429,28.8356351049,6.23914171874,5.64338301576,0.0,9.02983992686,0.246929974109,4.10393659288,-0.043298694626,-0.180540376258,0.0,437.82351493498834,441.9831657672248,438.26270480306744,440.53627094858814
4.799999999999986,12.2671167213,0.426377861544,29.0758786498,6.23645801866,5.63203050201,0.0,9.28121597722,0.22923033136,3.90376219205,-0.0477519667976,-0.218531092974,0.0,437.6582956176737,434.44608452888343,434.94885560610714,434.57438983426
4.859999999999984,12.8311399599,0.439603191674,29.3034795164,6.23369759949,5.61899281649,0.0,9.5197618066,0.211484044064,3.68250308449,-0.0427283984541,-0.214934327988,0.0,428.53168496496727,428.7888567681558,427.3919838152036,427.8187651745923
4.919999999999983,13.4113860854,0.451620149349,29.5200973235,6.2316198751,5.60675100447,0.0,9.82156959043,0.188990813998,3.53696375552,-0.0220097100472,-0.188206257565,0.0,458.3022362890472,460.3823624266722,459.80533154177937,461.44384633951597
4.979999999999982,14.0099536022,0.462257599747,29.7280922245,6.23049606501,5.59499958605,0.0,10.1303201851,0.16557203145,3.39508525712,-0.0128679581096,-0.219053685167,0.0,466.6195514485359,464.16752031000806,462.7053737845524,463.42483503712106
5.0399999999999805,14.6294879909,0.471329111623,29.9303722052,6.23002277534,5.58160994022,0.0,10.5200405135,0.136885329035,3.34534501128,0.000567432001558,-0.232971582057,0.0,502.11807997531935,501.0635969559328,502.54774743083664,503.5211073082792
