time,x,y,z,phi,theta,psi,x_velocity,y_velocity,z_velocity,phi_velocity,theta_velocity,psi_velocity,rotor_speed1,rotor_speed2,rotor_speed3,rotor_speed4,episode,total_reward
1.8000000000000012,2.29046824759,2.83359575875,0.0,0.301757456564,5.21912033263,0.0,0.924396429487,2.19168163359,-14.3091825976,10.6740589064,-5.29302922717,0.0,429.190482293,468.944099274,254.456012425,411.262441372,1,-77.4321259873
1.8000000000000012,2.31623133925,2.8561883865,0.0,0.307363218768,5.20431336005,0.0,0.947592039419,2.1957990341,-14.3239042937,10.6513935224,-5.33815263404,0.0,429.806611519,467.551051456,253.93061607,410.464833804,2,-77.5337224472
1.620000000000001,0.0525676768057,-0.223700444125,0.0,1.85731924337,5.08480630643,0.0,-0.0306641162292,-0.880211338678,-13.5335022404,4.6546232874,11.2686381338,0.0,376.090173727,512.451082081,152.887175726,183.994922899,3,-51.5301857912
1.3800000000000008,0.236788602855,-0.0197525922827,0.0,0.0933833323521,0.291907177093,0.0,0.826656174917,-0.122673321252,-18.2968252469,0.099990944592,0.60723719597,0.0,377.679478658,403.188728638,382.74001358,360.480790855,4,-49.0759823316
1.3200000000000007,0.00129808044612,-0.000704275382242,0.0,0.012946690941,0.0502264271314,0.0,0.0251917872307,-0.00978485277108,-17.8493598363,0.136425515672,0.52152892161,0.0,221.174327477,266.817966247,184.365577628,193.644195227,5,-51.7180318221
1.3200000000000007,0.00921259153523,1.73208123715e-05,0.0,6.28318043434,0.547241262569,0.0,0.187950645751,8.64888337218e-05,-17.8375956371,0.000279778279899,2.33922928914,0.0,98.3271808566,342.407614332,5.01522938713,5.61400239857,6,-51.7159680751
1.5000000000000009,0.264143785173,0.000238707696398,0.0,0.0439078353993,4.29615774975,0.0,0.322503694423,0.00955543953801,-13.5628849017,0.343529008736,-25.2945239139,0.0,810.573815897,108.909003034,12.1955973112,42.3457508676,7,-47.0448142404
1.560000000000001,-2.01106335988,7.20799695805e-08,0.0,0.000154893949649,2.02091531437,0.0,-1.19200937066,-5.8734750124e-06,-14.4149547376,0.00599208686396,-27.9422300181,0.0,860.454567791,80.3244764284,8.31808209457,22.1906022443,8,-54.7551286338
1.560000000000001,-2.03256587547,1.77335617114e-06,0.0,0.00087352470475,2.2019970021,0.0,-1.19349219624,-5.23016258401e-05,-14.4264243919,0.00667551240201,-27.6161346281,0.0,867.279817087,107.951922631,8.17856739626,9.91936161555,9,-54.532649894
1.620000000000001,-1.18828594075,9.07268920533e-07,0.0,6.28317286543,5.75541637139,0.0,-1.13817940079,2.4745656906e-06,-14.3776132093,3.0075303655e-05,-28.7762174335,0.0,897.592623988,16.6446099773,0.664746912173,1.84882257874,10,-55.8660694097
1.560000000000001,-1.13343364739,6.61553218007e-07,0.0,6.28318326004,5.20935175393,0.0,-1.19550333752,1.06726596201e-06,-14.3135174035,0.000204999528733,-28.7980974476,0.0,898.337352976,2.44670424178,1.04548291516,3.89488910205,11,-53.9872335913
1.8600000000000012,-17.2396068981,0.223378023951,0.0,1.65647855159,4.60823354364,0.0,-11.5538154105,2.02391704591,-15.1579311645,-22.6222795086,-28.6898920406,0.0,894.023585637,-0.507602835679,899.946968563,599.330100468,12,-93.0
2.2200000000000015,3.22829839742,6.38191105182,0.0,2.24624478162,1.02384845489,0.0,4.20963855938,5.25835288429,-16.3283866212,-28.8279721966,8.9736920269,0.0,468.666788909,646.740734954,899.802122503,9.89912051861,13,-111.0
1.8000000000000012,0.228929298781,-0.412868055684,0.0,5.96410445092,2.36728110841,0.0,2.32421789846,-0.859891579451,-17.1116414911,-13.3793641866,-13.1938559567,0.0,389.338954894,25.5687862455,899.748787012,872.391270764,14,-77.9383628976
1.3800000000000008,5.83777201655,-0.326904286872,0.0,0.617663513508,2.11494349606,0.0,11.8170119536,-0.350844250799,-15.9053430114,-28.4960211726,26.5504354796,0.0,36.9812784249,898.244568497,900.01284846,1.19271791446,15,-66.3619467493
1.5000000000000009,2.58029917796,4.14597230669,0.0,3.17954168996,1.247979281,0.0,3.55899455946,4.85837008234,-17.4798013907,-25.7682944735,28.8435706467,0.0,0.472040716406,900.343850282,900.798449328,162.46089418,16,-74.6770218953
1.740000000000001,-1.92797991722,-0.000746062987799,0.0,6.28283347123,2.69478143612,0.0,-2.03016122759,0.00636008611293,-13.85494491,-0.21762522658,28.8445684124,0.0,0.0682375418778,900.321180654,899.853255514,897.490054054,17,-83.0737850091
1.740000000000001,-1.88288442035,6.7418223981e-06,0.0,0.129891125929,2.63749039378,0.0,-1.96645511987,0.0688809266581,-13.799445503,-0.148381695551,28.8471439504,0.0,0.261647978499,900.312190777,900.36155819,896.824184258,18,-82.9884878515
1.740000000000001,-1.91985281711,0.00181510276049,0.0,0.0340996901164,2.68423214772,0.0,-2.01758648865,0.0231818559234,-13.8437960476,-0.0998477456633,28.8283650564,0.0,0.0182146861859,899.852861384,899.823431936,898.335517461,19,-83.0537148526
1.740000000000001,-1.87797909988,-0.0201844160508,0.0,0.393994353307,2.59452508272,0.0,-1.93321609059,0.117870681427,-13.736038845,-0.0348386729491,28.8156125845,0.0,0.341973798179,899.270606595,899.880573191,894.448091573,20,-83.2737742469
1.740000000000001,-1.92611945711,-0.0408392075267,0.0,5.95990324342,2.61559931571,0.0,-1.97957798565,-0.339956803845,-13.8399889846,-0.332666270406,28.8430288187,0.0,-0.582522665207,900.247250004,899.859508752,899.32885046,21,-83.2433403731
1.740000000000001,-1.91064826231,0.00151476290897,0.0,0.11039047605,2.68447563027,0.0,-2.01282178426,0.0582208246786,-13.8382760188,-0.1082385418,28.8327799608,0.0,-0.208042419898,899.971763461,899.626708884,895.760072143,22,-83.0600451222
1.740000000000001,-1.82009805661,-0.0105301917996,0.0,6.14034577783,2.59496804001,0.0,-1.89643966299,-0.118387351973,-13.7596796584,-0.179968682552,28.8554769506,0.0,-0.630713832802,900.585795337,899.842669518,899.755512098,23,-82.8545234167
1.740000000000001,-1.86324033396,-0.00141248413045,0.0,6.22353556817,2.60219188137,0.0,-1.9292622632,-0.0368572085594,-13.775107178,-0.154344503695,28.848753078,0.0,0.709539865695,900.436405938,900.240806713,899.96729645,24,-82.8713539906
1.740000000000001,-1.93021465528,-0.00375049323243,0.0,6.20350361913,2.69644313629,0.0,-2.03302622994,-0.0487922827404,-13.8599239443,-0.154813123225,28.849371657,0.0,-0.921141939175,900.588583625,900.030013204,899.594080758,25,-83.0839523997
1.740000000000001,-1.89066411343,-0.0100935973902,0.0,6.12286018704,2.66109568648,0.0,-1.98654895725,-0.121671546882,-13.8272579329,-0.225898754093,28.8298729115,0.0,-0.106828531131,899.748020172,899.746201529,899.424651418,26,-83.0242172955
1.740000000000001,-1.91112055793,0.0015428752852,0.0,6.28194087832,2.66232747893,0.0,-1.99544612171,0.00539471843889,-13.8308097147,-0.154309052629,28.8497588204,0.0,-0.0417328208414,900.466825286,899.743583247,898.194004143,27,-82.997265525
1.740000000000001,-1.9183706312,-0.0198821751152,0.0,6.06814787159,2.66756510286,0.0,-2.00758519281,-0.180145869143,-13.8433846359,-0.296891985074,28.8432104708,0.0,-0.0706327954343,900.293105723,899.817374969,899.349770456,28,-83.1308095738
1.740000000000001,-1.94554083368,0.00182985248358,0.0,0.0354816408532,2.67003898016,0.0,-2.02326766878,0.0230559465331,-13.849499579,-0.0376841065138,28.8442745239,0.0,-0.195867210779,900.254070618,900.070340339,898.841505045,29,-83.0621179419
1.740000000000001,-1.88213692451,-0.00675217843036,0.0,6.13365065172,2.65659101339,0.0,-1.98104788669,-0.103584812869,-13.817992539,-0.29685304647,28.8329811146,0.0,0.233418795408,899.936987114,900.466091586,900.126925747,30,-83.0064565053
1.740000000000001,-1.92560366585,-0.0018272075905,0.0,6.26388624644,2.63044888703,0.0,-1.98539464169,-0.0200780733218,-13.8171497322,0.0909914783169,28.8549580608,0.0,0.357650771106,900.537011605,899.657636421,900.489158868,31,-82.986085041
1.740000000000001,-1.89802599955,-0.00105746718197,0.0,0.286370352028,2.67196105269,0.0,-2.00170427107,0.107118296968,-13.8151652971,0.353217535078,28.8436173038,0.0,-0.304727034418,900.064362176,899.620365139,899.699986456,32,-83.1886618859
1.740000000000001,-1.84972311565,-0.00449128385103,0.0,6.25157280013,2.64968052129,0.0,-1.95274076119,-0.029139136463,-13.8045050822,0.0345422501481,28.8340794457,0.0,0.551740862415,899.932493839,899.559307934,899.665421126,33,-82.9060968226
1.740000000000001,-1.90009171402,-0.0300740318299,0.0,6.01966063015,2.6170759156,0.0,-1.96330210138,-0.26766167264,-13.825280062,-0.174690560744,28.8288566342,0.0,-0.274121063427,899.615826998,900.261716325,900.473145882,34,-83.1374338956
1.740000000000001,-1.89138174734,0.00201190943889,0.0,0.108375647641,2.65065265902,0.0,-1.978808794,0.0584618050101,-13.8130033438,-0.00226995242456,28.8434994752,0.0,-0.407686817806,900.007617244,900.386885129,899.17392575,35,-83.0021830618
1.740000000000001,-1.90575792401,0.000560019214696,0.0,0.0172686044702,2.66236453263,0.0,-1.99506061609,0.0105722493661,-13.8313778275,0.0150465108789,28.8415892017,0.0,0.392135469375,900.09695098,900.467375068,899.875832003,36,-83.0023101281
1.740000000000001,-1.94641253331,0.00161347035885,0.0,0.067554225847,2.70647258913,0.0,-2.05016648085,0.0353336231354,-13.8711210568,0.0556717907837,28.835049175,0.0,-0.41380667105,899.98616484,900.322169674,899.280402347,37,-83.1145042152
1.740000000000001,-1.88154593342,-0.00330994378033,0.0,6.25770421586,2.63431798916,0.0,-1.96169630939,-0.0227024617419,-13.8032799624,0.0265203083588,28.8486236954,0.0,-0.0284182136292,900.360282828,899.874855247,899.752485474,38,-82.9321753854
1.740000000000001,-1.83429613969,-0.00435206415388,0.0,6.24603957496,2.58387853045,0.0,-1.89705823777,-0.038556806486,-13.7504580756,0.0931119743254,28.8345454065,0.0,-0.124767824443,900.036182038,899.781368275,899.767412315,39,-82.8155594325
1.740000000000001,-1.89663896585,0.000763168011102,0.0,0.140276492662,2.62014828177,0.0,-1.95806755126,0.0736890728407,-13.8059641502,0.194280036447,28.8497866203,0.0,0.0623221025438,900.389089961,900.436847935,899.040560453,40,-82.9582452679
1.740000000000001,-1.83299199367,-0.00281649005199,0.0,6.26838095308,2.65176905044,0.0,-1.94569936204,-0.0127373791639,-13.8006407769,0.0171236297327,28.8370210511,0.0,0.802590081447,900.060409405,899.792278871,900.619341131,41,-82.8834132492
1.740000000000001,-1.97348200481,0.00116748190487,0.0,0.0331443865315,2.64043952745,0.0,-2.02044162642,0.0195076081754,-13.836502867,0.0270072774675,28.8131782748,0.0,-0.523133894562,899.164237305,900.142951319,898.915551398,42,-83.0478705804
1.740000000000001,-1.88326099487,-0.00506856982727,0.0,6.16622052264,2.65900608191,0.0,-1.98330383396,-0.0738001719735,-13.8176193528,-0.282877750969,28.8413762125,0.0,0.171301583777,900.137448736,900.716599197,900.194030537,43,-82.9938664981
1.740000000000001,-1.88883498865,-0.0038438943644,0.0,0.208143288394,2.63140727827,0.0,-1.96564685942,0.0852242097587,-13.7926577959,0.0384787595459,28.8222049228,0.0,-0.564554636678,899.488858199,900.770299474,900.036289581,44,-83.0889023689
1.740000000000001,-1.91457893624,-0.0169664609633,0.0,6.0458044448,2.61082461299,0.0,-1.96826889393,-0.205107116902,-13.8073111928,-0.337537029491,28.8139872583,0.0,0.316164698718,899.358186129,900.003230013,900.056497036,45,-83.0738203078
1.740000000000001,-1.95643660378,-0.0263137558971,0.0,6.02969603329,2.68313986213,0.0,-2.04406454964,-0.229320011811,-13.8807345225,-0.261088759881,28.8505697899,0.0,0.575299503511,900.577855289,900.336938861,900.028065111,46,-83.2616380926
1.740000000000001,-1.8755395273,-0.0317853410746,0.0,6.01973948779,2.61063622762,0.0,-1.94455801067,-0.271173194307,-13.8081139064,-0.174277354307,28.8404243499,0.0,-0.187138642024,900.217660208,899.640281578,900.043755579,47,-83.1015278629
1.740000000000001,-1.84209526188,0.00197943782424,0.0,0.122865308199,2.60338616148,0.0,-1.91403751347,0.0653184240846,-13.7755007177,0.290527295252,28.8419993548,0.0,-0.00019433863067,900.111978698,898.907538028,899.963628088,48,-82.8451944743
1.740000000000001,-1.95627493894,-0.0335280816049,0.0,6.01260613622,2.69648364068,0.0,-2.05225501909,-0.25810951203,-13.8963587061,-0.224745672876,28.839831919,0.0,0.8682626482,900.107041502,899.782421613,900.311146719,49,-83.2999812718
1.740000000000001,-1.87896392516,-0.0202612491716,0.0,6.16927725065,2.64987366902,0.0,-1.97304159157,-0.117112599169,-13.8174278418,0.0387452307114,28.825056232,0.0,0.215442178432,899.726265957,900.175389476,899.962899356,50,-83.0035839875
1.740000000000001,-1.81936974822,0.00195625783392,0.0,0.0319220401357,2.60268963364,0.0,-1.90137197026,0.0265371732975,-13.7634589995,-0.144789474594,28.8374429581,0.0,0.254006058014,900.030224936,899.988749672,899.086848511,51,-82.8071668806
1.740000000000001,-1.94535849149,-0.00426803118887,0.0,6.18792338727,2.66533502337,0.0,-2.02156985246,-0.0658405803541,-13.8481662687,-0.107452214465,28.8303160994,0.0,0.460412778596,899.776406272,899.419753423,899.972533865,52,-83.0650083732
1.740000000000001,-1.82998219712,-0.00033041036392,0.0,0.0262820011838,2.60178934978,0.0,-1.90726033815,0.00741388437769,-13.7639892885,0.211211963032,28.8189069883,0.0,0.83302520586,899.466194959,899.383460403,900.128350593,53,-82.8120266386
1.740000000000001,-1.89802706128,-0.025828711451,0.0,6.04533388115,2.64713314707,0.0,-1.98300620125,-0.221582233414,-13.8338720433,-0.224286249649,28.8249584546,0.0,-0.604211948454,899.563121255,899.688167398,899.970677718,54,-83.1151458642
1.740000000000001,-1.91627374065,0.000236295853101,0.0,0.148977974201,2.65499963337,0.0,-1.998232547,0.0690159249221,-13.8202357794,0.0898314701212,28.8258029232,0.0,0.0371424409011,899.648722766,899.647362613,899.918322112,55,-83.0707147923
1.740000000000001,-1.91591345115,-0.00136689882869,0.0,6.28048167204,2.68241706184,0.0,-2.01519976279,-0.00542995436133,-13.8373044801,0.0356345366535,28.8262075664,0.0,0.478630630385,899.59310257,900.130982631,900.096123793,56,-83.0562906864
1.740000000000001,-1.90068275564,-0.0153435085619,0.0,6.10896900004,2.6679585718,0.0,-1.99992653925,-0.142531621623,-13.8342594876,-0.208391423826,28.8240129504,0.0,0.213128879486,899.563403273,900.613203497,899.952710079,57,-83.0854931698
1.740000000000001,-1.91383372957,0.00340784083071,0.0,0.208980057456,2.69012150548,0.0,-2.02252257077,0.090256700666,-13.8442765009,0.324645235432,28.8291015876,0.0,0.109482540512,899.69126451,900.273981938,900.093775878,58,-83.1381843188
1.740000000000001,-1.87918561346,0.00411572011249,0.0,0.154490307872,2.62109086912,0.0,-1.95313644521,0.0811985001427,-13.7863727101,0.224089046928,28.8369658507,0.0,-0.635181474602,900.066023552,900.062345163,900.240741117,59,-82.9736011634
1.740000000000001,-1.89793419448,-0.006576709263,0.0,6.18862498605,2.66494737579,0.0,-1.99363518235,-0.0715943298535,-13.8294836303,-0.0634915418228,28.8317706074,0.0,0.681294686436,899.65202879,899.955777334,900.12752198,60,-83.0149699302
1.740000000000001,-1.85180506267,-0.00662544368955,0.0,0.274683856248,2.57379975098,0.0,-1.90267394141,0.115994045215,-13.7339645171,0.207754835421,28.8212508966,0.0,-0.199450532202,899.572647237,900.404334679,900.590920705,61,-83.0397256973
1.740000000000001,-1.89985014301,-0.0198285873071,0.0,6.07819411345,2.69166529317,0.0,-2.01506262776,-0.174655320904,-13.8493412119,-0.206816976339,28.8420908536,0.0,0.0971552769047,900.272010128,900.259067838,900.249452853,62,-83.1615974103
1.740000000000001,-1.93650147936,-0.0100645963781,0.0,6.14042222297,2.64520266402,0.0,-2.00143698392,-0.112875110394,-13.8291498864,-0.153375243511,28.8396621635,0.0,0.149852913407,900.119699142,899.515389958,899.641985643,63,-83.0725399483
1.740000000000001,-1.89064343172,-0.00235794098693,0.0,0.246732369482,2.64354549512,0.0,-1.97563010488,0.0965498271715,-13.8010371606,0.218808730852,28.8071547258,0.0,0.038129311325,899.170537166,899.406995198,899.888358938,64,-83.1090626728
1.740000000000001,-1.88402827763,0.000748374284539,0.0,0.0133648521663,2.65738462104,0.0,-1.97950561474,0.0125426030596,-13.8208466509,-0.121687070474,28.8451839669,0.0,0.329135515775,900.138137003,900.298103068,899.05090759,65,-82.9593599456
1.740000000000001,-1.86106615279,0.00157855746901,0.0,0.0844868014249,2.61663509564,0.0,-1.93764258581,0.0458156282817,-13.7858231923,0.1920670927,28.8449786402,0.0,0.329222291787,900.235212434,899.929298076,900.428684787,66,-82.8914841047
1.740000000000001,-1.95004182634,-0.0204113947782,0.0,6.0827891367,2.65755343592,0.0,-2.02097727464,-0.17801771917,-13.8479353799,-0.19376233503,28.8247353256,0.0,0.342348697942,899.595098738,899.812727509,899.698648738,67,-83.1574572704
1.740000000000001,-1.89992238338,0.00402249371939,0.0,0.0880667337335,2.64539777569,0.0,-1.98243876339,0.0510786528271,-13.8179840912,0.0331590555512,28.8366104104,0.0,0.0630209865848,899.823490708,900.501290374,900.229587492,68,-82.9962966566
1.740000000000001,-1.90513747218,0.00276732328913,0.0,0.0609488476689,2.65789224501,0.0,-1.99224443974,0.0381308804044,-13.8275377508,-0.0316823859195,28.8430254371,0.0,0.210776410352,900.159524752,900.54688971,899.533549438,69,-83.0071949894
1.740000000000001,-1.898522681,-0.00182177288703,0.0,6.22124812127,2.69572227715,0.0,-2.014085735,-0.0350638316556,-13.8466940617,-0.135247386499,28.8586833528,0.0,-0.317827689601,900.858698484,900.04353111,899.976053583,70,-83.0451849833
1.740000000000001,-1.79739280877,-0.00713336001333,0.0,6.22904999506,2.60042989643,0.0,-1.88518292004,-0.0472901342895,-13.7554548781,-0.0349825289344,28.8365924881,0.0,-0.0173804724906,899.917613002,899.656041084,899.259172824,71,-82.7816121316
1.740000000000001,-1.89367435731,-0.00276467370756,0.0,6.2812699818,2.64151836514,0.0,-1.97453399902,-0.00424509577133,-13.8101780633,-0.0120196625795,28.8279711905,0.0,0.1101523114,899.682951849,900.180040903,899.498706818,72,-82.9486014234
1.740000000000001,-1.91580923543,-0.0603492727738,0.0,5.89653440519,2.63584590703,0.0,-1.98954764195,-0.454325439016,-13.8833316739,-0.241164487793,28.8501793805,0.0,-0.676770962215,900.460951799,899.916581402,900.200239668,73,-83.4457454568
1.740000000000001,-1.95796299636,0.00379268385881,0.0,0.131681792782,2.70173106513,0.0,-2.05540828052,0.0611359817961,-13.8707209111,0.247094393565,28.825915507,0.0,-0.509301807364,899.727779675,899.389176865,900.27799881,74,-83.1450297427
1.740000000000001,-1.9376660615,-0.01727445454,0.0,6.10419592303,2.67716558188,0.0,-2.02761565125,-0.149489188948,-13.8510148529,-0.182586939479,28.82760607,0.0,0.096110872877,899.903197387,900.474298538,900.459806497,75,-83.1615699036
1.740000000000001,-1.84976162617,0.0029813260572,0.0,0.21022667927,2.62017854841,0.0,-1.93619830119,0.0992943653396,-13.7773342172,0.336743177837,28.8332903197,0.0,0.439108152809,899.795682236,899.761963115,900.873032911,76,-82.9738043886
1.740000000000001,-1.96169495639,-0.0187464241474,0.0,6.09764272386,2.69881090691,0.0,-2.05788614519,-0.159448022508,-13.8735892879,-0.126152260837,28.8389405033,0.0,-0.143046841042,900.003928715,900.224041972,900.78082488,77,-83.2312221171
1.740000000000001,-1.97298329923,-0.00473882776546,0.0,6.25159774299,2.70751436161,0.0,-2.06717383919,-0.0289843367458,-13.882587458,0.0745886547204,28.8367352276,0.0,-0.130007981765,900.040040905,899.573397262,899.892881123,78,-83.1330132039
1.740000000000001,-1.93008466988,-0.00146901853373,0.0,6.23307693903,2.6697530432,0.0,-2.01490974258,-0.0320523753702,-13.8402482883,-0.0482791560484,28.8336313364,0.0,0.241914532903,899.944396253,899.611360741,900.187393765,79,-83.0482494577
1.740000000000001,-1.91471185658,0.0020601026514,0.0,0.0966419449494,2.62832955127,0.0,-1.97883224643,0.0513428028358,-13.8096489196,0.225356049849,28.819847692,0.0,-0.085140961912,899.391004471,899.883497168,900.514718542,80,-82.9828563646
1.740000000000001,-1.97111333293,0.00122145652173,0.0,0.016424985048,2.71542455642,0.0,-2.06947559645,0.00253881231549,-13.8869433323,0.1855086777,28.8352852711,0.0,0.512629797565,899.907822478,899.752236082,900.661649708,81,-83.1381594932
1.740000000000001,-1.84480835987,-0.00353983745679,0.0,6.23525460423,2.65647656632,0.0,-1.95561167549,-0.0328208258218,-13.7983099375,-0.0590424231593,28.8584978005,0.0,-0.503312563126,900.712179933,899.63460092,899.934732487,82,-82.9325534905
1.740000000000001,-1.88682058667,-0.00129979199435,0.0,6.24226846954,2.63680678781,0.0,-1.96797288481,-0.0262036638506,-13.7980509352,-0.0672803812139,28.8125948896,0.0,0.597737983884,899.235578986,899.597046309,899.791434142,83,-82.9503798408
1.740000000000001,-1.91053203658,-0.00472142769487,0.0,6.18833723808,2.65720531379,0.0,-1.99560730339,-0.065502505167,-13.8275377349,-0.133526644644,28.8488617693,0.0,-0.215552351548,900.405573379,899.515347822,900.18686494,84,-83.0126158078
1.740000000000001,-1.87972169832,0.00237571966716,0.0,0.062791566731,2.63856530448,0.0,-1.96399461711,0.0377536596761,-13.8067123663,0.048210493873,28.8454516915,0.0,0.0485162226413,900.274971147,900.32214397,900.537670806,85,-82.9482077414
1.740000000000001,-1.87217511845,-0.00322610829145,0.0,6.23763108681,2.63235388018,0.0,-1.95768728403,-0.0413748031635,-13.7935967351,0.0889646331409,28.8237512282,0.0,0.0679705108002,899.579372309,899.876783877,900.725999342,86,-82.9404441178
1.740000000000001,-1.90431665165,-0.00959872272918,0.0,6.21466992032,2.64701156198,0.0,-1.98538308469,-0.0608923752359,-13.8224419423,0.00120929250728,28.8373256496,0.0,0.35920856988,900.175375191,899.748019117,899.697025512,87,-82.9838837064
1.740000000000001,-1.89260140112,-0.000186649540912,0.0,6.22668735598,2.6473391389,0.0,-1.97899897142,-0.0305004506415,-13.8130975715,-0.161151166834,28.8207384813,0.0,-0.0219559974352,899.507540617,899.965600591,900.490866698,88,-82.9680825522
1.740000000000001,-1.93066921746,-0.0112942763358,0.0,6.14917767265,2.71273832553,0.0,-2.04634171638,-0.102773539731,-13.8734895042,-0.113356745303,28.8500729638,0.0,-0.239984571891,900.394254927,900.078305538,900.309480177,89,-83.1465215878
1.740000000000001,-1.9244045077,-0.000121018902297,0.0,0.0849768913048,2.61509519326,0.0,-1.97507106307,0.048696799535,-13.8049755658,-0.0956675317175,28.8310118647,0.0,-0.150905833529,899.840364142,900.729577669,900.18733813,90,-83.0068749807
1.740000000000001,-1.84997240739,-0.00944185416858,0.0,6.19240657387,2.64157690014,0.0,-1.94955430502,-0.0755277678226,-13.7965991888,-0.0430067910299,28.8349283208,0.0,0.363056302595,899.964523248,900.01945812,900.335934317,91,-82.9264523884
1.740000000000001,-1.88281982451,0.00202907811762,0.0,0.192487448555,2.62050459371,0.0,-1.95653988995,0.0956254958326,-13.7900416093,0.213393998386,28.8237115968,0.0,0.503903284783,899.523030308,900.580503275,900.010965433,92,-83.0000780257
1.740000000000001,-1.92666357266,-0.0132866644864,0.0,6.14967041276,2.66949614089,0.0,-2.01516104475,-0.106581186618,-13.8452498648,-0.151411933842,28.8238744382,0.0,0.0527848366644,899.616066005,899.563595629,899.60192606,93,-83.0623934937
1.740000000000001,-1.88677185579,-0.0110920497671,0.0,6.15601389026,2.62135952471,0.0,-1.95648598003,-0.10437482857,-13.7978965336,-0.168060778586,28.8487915295,0.0,0.573978439729,900.462272968,900.274131653,899.681879192,94,-82.9668454488
1.740000000000001,-1.88656478933,-0.0138063142513,0.0,6.12668267388,2.65650667981,0.0,-1.98352495758,-0.136817859987,-13.8247543918,-0.0589601792018,28.8544137822,0.0,-0.507994205543,900.730819785,899.496132496,900.190248727,95,-83.0411132612
1.740000000000001,-1.93317508889,-0.00236898983733,0.0,0.213945748241,2.62451784339,0.0,-1.98621596527,0.089387613385,-13.8067336308,0.142304688793,28.8060348915,0.0,2.09081674083,898.880739779,899.891356108,900.142521012,96,-83.1119593884
1.740000000000001,-1.84695250154,-0.0183978767839,0.0,6.08355622278,2.61520455878,0.0,-1.9295549246,-0.183895119763,-13.7855673485,-0.148307983468,28.8163457983,0.0,0.513314246029,899.396731683,900.032807675,900.527379905,97,-82.9780396648
1.560000000000001,-3.63161467808,0.0823658731215,0.0,6.14440890128,5.24918883485,0.0,-1.05499495724,0.232618282604,-17.8853349513,-0.165779671045,-15.4199160388,0.0,900.509543088,861.288043108,899.669224411,900.395778168,98,-78.0
9.35999999999989,150.0,44.9357903665,264.873395411,5.82117142683,3.8265517876,0.0,139.354753512,-34.3058524159,90.5263448219,0.0400888378629,-0.52559334332,0.0,900.079276075,900.725036086,899.682588076,899.999700526,99,-468.0
9.419999999999888,88.0281237614,-108.939427468,0.0,1.7432109845,4.55535027136,0.0,34.375456678,91.856155051,-64.3991724521,-0.654819710999,-0.502809411535,0.0,899.924806856,900.03560978,900.198474861,899.976760932,100,-471.0
8.579999999999906,-150.0,-112.761859838,78.3658968297,2.13578678765,2.53132800872,0.0,-33.6555431439,-19.0047752021,-6.09548614756,-0.351645625396,0.19680970123,0.0,900.220245879,900.160421171,899.989689189,899.696050717,101,-429.0
8.999999999999897,-150.0,3.15155794063,146.479628609,1.396899617,2.30123097654,0.0,-31.4434390566,-8.2225263697,-16.6684370154,0.372369151288,0.0825634322257,0.0,900.173644427,899.868376283,899.953128809,900.141615614,102,-450.0
5.939999999999961,-48.1548646302,65.7311612127,300.0,1.95806003557,1.45839399914,0.0,-35.4535376153,725.418702064,2041.9150909,0.478921056035,0.575160644844,0.0,900.418779187,900.625590384,899.627110833,899.863432674,103,-297.0
5.0399999999999805,150.0,150.0,300.0,0.925739902023,4.05555812722,0.0,41490.660389,43841.1131982,33510.1576708,0.241766163847,-0.425584705328,0.0,899.351293628,900.206013482,899.623917454,900.261218022,104,-252.0
8.219999999999914,-1.16422916397,-150.0,93.8728999562,3.68386877252,1.06494081271,0.0,-15.4832665135,-26.6054165089,-24.5104339946,-0.103180910134,0.357610709307,0.0,900.17373707,900.353590471,899.500534425,900.294688612,105,-411.0
8.759999999999902,26.3250224596,60.5532253235,300.0,1.51344977782,5.6570528288,0.0,8.74844796091,17.2926366779,122.392738471,0.32705271733,0.0293368576854,0.0,900.484783885,900.43693049,899.479717971,900.283251166,106,-438.0
10.019999999999875,54.9673608319,-128.3959506,26.9455240522,1.80781417374,5.69941721801,0.0,15.0252356312,14.2051259907,-36.1866540137,-0.62627678456,-0.467096344993,0.0,900.491922051,899.461576089,899.875247305,899.95609502,107,-501.0
7.679999999999924,-150.0,-9.05453362895,68.5576028004,5.06743718439,5.176765087,0.0,-33.8725081235,-9.33299009094,-42.0047562047,-0.223190660939,-28.8536601622,0.0,900.815983482,0.360540687156,899.860380867,900.145362416,108,-384.0
1.740000000000001,-7.0815325643,-0.0607226396474,0.0,0.527116656732,3.01624298459,0.0,-3.48267409456,-0.25881013793,-14.3533852888,0.585199548069,-28.814271445,0.0,899.309812146,0.0581590642432,899.826617045,899.988572081,109,-87.0
1.740000000000001,-7.06178047924,-0.0339568787622,0.0,0.201031657528,3.02567270953,0.0,-3.49855720937,-0.0913469376737,-14.535936948,0.0432317580853,-28.8273278454,0.0,899.763117177,-0.120630354692,899.616239296,899.568251559,110,-87.0
1.740000000000001,-7.03289456067,-0.000855943543842,0.0,6.07610905339,3.02141002424,0.0,-3.47656020236,-0.0348864428496,-14.545843582,-0.163844286975,-28.8433894637,0.0,900.310663561,0.22570642173,899.922769896,900.297869655,111,-87.0
1.740000000000001,-6.96201755411,-0.00592982958129,0.0,0.0824468604086,2.9777213002,0.0,-3.42588770075,-0.0172653097803,-14.3984207618,0.107355685056,-28.8457218091,0.0,900.409576422,0.418575226288,899.917758974,900.393930966,112,-87.0
1.740000000000001,-7.09353630799,-0.00421066408694,0.0,6.02519945093,3.04106729925,0.0,-3.51783367025,-0.0602831298404,-14.5963921417,-0.249619991584,-28.8308885328,0.0,899.928321224,-0.133870724911,899.942914244,899.816480464,113,-87.0
1.740000000000001,-7.13570288481,-0.0168168218637,0.0,0.228345274711,3.02327001137,0.0,-3.54059105433,-0.0618052751804,-14.5597127208,0.275485330409,-28.827913442,0.0,899.7829176,-0.505735292343,899.900695622,900.054019562,114,-87.0
1.740000000000001,-7.0190200751,-0.000111935098337,0.0,0.0811497705287,2.97204661045,0.0,-3.46124145183,-0.00668565169643,-14.407701811,0.253048003255,-28.8534638746,0.0,900.490072761,0.0142640864891,899.687551528,900.338199545,115,-87.0
1.740000000000001,-7.09380095351,-0.0100855830169,0.0,0.149996645519,3.03754687991,0.0,-3.51799541619,-0.0278464954227,-14.5077712494,0.290720776968,-28.8367963981,0.0,900.011022619,0.506957427455,899.742158415,900.758762399,116,-87.0
1.740000000000001,-7.06969155993,-0.0025286025292,0.0,6.06258045292,3.04864788337,0.0,-3.50312849045,-0.0459806492861,-14.4911286986,-0.192930490219,-28.7934460917,0.0,898.786913074,-0.553043053544,900.080717498,900.078325584,117,-87.0
1.740000000000001,-7.08065210127,-0.000626258698714,0.0,0.10508859298,3.02632732493,0.0,-3.51466426479,-0.00532769271795,-14.6175785489,0.258004276567,-28.8584192722,0.0,900.719954452,0.330419393712,899.648875412,900.345351887,118,-87.0
1.740000000000001,-7.01796169248,-0.00146659887539,0.0,6.27107896486,3.02541670586,0.0,-3.47163462835,0.000444688944544,-14.4670891248,-0.0126872741469,-28.820909171,0.0,899.576602733,0.523437978975,899.785697148,900.126170055,119,-87.0
1.740000000000001,-7.01063995023,0.00346431675203,0.0,6.13363392052,2.98751953742,0.0,-3.45782256752,-0.00693419893141,-14.4355071315,-0.194667415591,-28.8278363385,0.0,899.683373548,0.0652371303268,900.385986509,899.623088393,120,-87.0
1.740000000000001,-7.02317219907,-0.0254087575695,0.0,0.19475072857,3.00084220199,0.0,-3.46527085794,-0.0792755711505,-14.4630332278,0.0637690227872,-28.8372919971,0.0,900.056240581,0.528074961547,900.282924272,900.254591817,121,-87.0
1.740000000000001,-7.04751640328,-0.00581647503458,0.0,0.00713605246553,3.02207515421,0.0,-3.48984084023,-0.00478244116632,-14.5086885749,-0.0234611158139,-28.8143732205,0.0,899.328157796,-0.0746276424906,900.112024019,900.142931403,122,-87.0
1.740000000000001,-7.05579428473,-0.0151608246339,0.0,0.137138016096,3.02624329955,0.0,-3.49627662282,-0.0365499417814,-14.5742287802,0.00624869487006,-28.8326161519,0.0,899.795323513,0.135612300722,900.290948755,899.591957282,123,-87.0
1.740000000000001,-7.02131836182,0.00276449860781,0.0,6.23621920411,2.99390660562,0.0,-3.46622034801,0.00188051175633,-14.4778735829,0.0635020918509,-28.813168003,0.0,899.182676712,-0.31918286386,900.058727453,900.553897422,124,-87.0
1.740000000000001,-7.0337332747,-0.0107155661209,0.0,0.163403193666,2.98182135736,0.0,-3.4718868881,-0.0428916702409,-14.4938105869,0.138894740469,-28.8609676186,0.0,900.935992669,0.657697834146,899.680378072,899.455806307,125,-87.0
1.740000000000001,-7.05822734918,-0.0132252449521,0.0,0.215271271571,3.02409718467,0.0,-3.49284371347,-0.0489436305852,-14.5097882844,0.304387546749,-28.830726913,0.0,900.009722193,-0.0183109599215,899.845651676,899.728648194,126,-87.0
1.740000000000001,-6.98573459174,-0.0202532160499,0.0,0.250254032799,2.99381336851,0.0,-3.43941167146,-0.081064291026,-14.4270963339,0.322112219198,-28.8515395308,0.0,900.633051191,0.29797048829,899.671726995,900.630707505,127,-87.0
1.740000000000001,-7.01451663208,-0.00128569447002,0.0,6.21646446965,3.00427996395,0.0,-3.46465557987,8.45752850405e-05,-14.4817271544,-0.115447870243,-28.8374759978,0.0,899.950893971,0.922494056327,900.860143192,900.032901893,128,-87.0
1.740000000000001,-7.01772188642,0.00298955522572,0.0,6.17314493632,2.97863248975,0.0,-3.45859089527,-0.00161815140262,-14.4165523049,-0.0759110266763,-28.8409636379,0.0,900.102613454,0.111613847939,899.884724266,899.66414449,129,-87.0
1.740000000000001,-7.0681395419,0.00561320720445,0.0,6.27982116257,2.97257112489,0.0,-3.49235546352,0.00499109059888,-14.4508663167,0.26553929862,-28.8575848147,0.0,900.668636567,-0.46082047238,899.824641281,900.300869495,130,-87.0
1.740000000000001,-7.05402518386,0.00426026306096,0.0,0.0234482490851,3.02752507391,0.0,-3.49700837406,0.00296485211963,-14.5876339283,0.127534299296,-28.8368391275,0.0,900.123826113,-0.270829991613,899.91478568,900.250601061,131,-87.0
1.740000000000001,-7.01342178901,-0.0393685605488,0.0,0.329631353003,3.00856352833,0.0,-3.45483392819,-0.145920738735,-14.4455570654,0.220074081776,-28.8465925547,0.0,900.248867071,0.813246221378,900.114547425,899.759031628,132,-87.0
1.740000000000001,-7.01298329212,-0.00201787333182,0.0,6.27489926629,3.00389915409,0.0,-3.46351324573,-0.000518935223466,-14.4557799103,-0.0287044974503,-28.825876953,0.0,899.702118429,0.523660560229,899.999076133,899.894975087,133,-87.0
1.740000000000001,-7.09163295886,0.00170310168617,0.0,6.23900414504,3.02146119248,0.0,-3.52065283263,0.00420994955288,-14.6318241069,-0.183426452915,-28.865317327,0.0,901.03603399,0.228672199609,900.78865594,899.019028597,134,-87.0
1.740000000000001,-6.98812757026,-0.00315438153034,0.0,6.08171497661,2.99108196176,0.0,-3.44249612565,-0.0255729251482,-14.4812693079,-0.226781160945,-28.8447230371,0.0,900.14952859,-0.442530889578,900.328893286,900.156959943,135,-87.0
1.740000000000001,-7.10162507989,-0.03093920158,0.0,0.273224698805,3.01939311628,0.0,-3.51673033757,-0.107098291233,-14.5098391712,0.195249292411,-28.8544642814,0.0,900.479241543,-0.527130078958,899.810935943,899.785778035,136,-87.0
1.740000000000001,-7.0491839486,-0.00409743081502,0.0,6.07327017864,3.00070494433,0.0,-3.48354612972,-0.0436090885519,-14.5233926185,-0.0303223225403,-28.8561178747,0.0,900.726197554,-0.483139820528,899.264545891,900.175580808,137,-87.0
1.740000000000001,-7.08228440951,-0.00149323818624,0.0,0.0294676013647,3.03452022971,0.0,-3.51749951872,-0.00279936496092,-14.5757722213,0.0961625812009,-28.8436444681,0.0,900.284807982,0.390720022362,899.350398965,900.135564692,138,-87.0
1.740000000000001,-6.99057241348,-0.0064084801803,0.0,0.0933102192604,2.97165197245,0.0,-3.43980414969,-0.0227443802569,-14.359736819,0.115139569599,-28.8380505955,0.0,900.105567414,-0.278186221074,899.915675502,900.894114059,139,-87.0
1.740000000000001,-7.05456494536,-0.00349656221353,0.0,0.0315176213227,3.02046956606,0.0,-3.49414556079,-0.0100680059813,-14.547165346,0.035448060281,-28.8407900694,0.0,900.206353766,-0.0951767847254,899.430666413,900.614082032,140,-87.0
1.740000000000001,-6.97639921557,-0.0056378644725,0.0,0.175121484783,2.98791380794,0.0,-3.43233251154,-0.0354336970263,-14.3667251101,0.236416961303,-28.8538629109,0.0,900.73165168,0.239504998329,900.238226495,900.661880251,141,-87.0
1.740000000000001,-7.06832164234,-0.00912428491598,0.0,0.173353888438,3.02965730286,0.0,-3.50143782175,-0.0361688824558,-14.5156747224,0.272215102154,-28.8256896822,0.0,899.729453111,-0.502242526766,899.438251682,900.313860943,142,-87.0
1.740000000000001,-7.02054913243,-0.00702937479072,0.0,0.128846736841,2.98811237793,0.0,-3.46117413724,-0.0288186009526,-14.3962596238,0.125497790087,-28.8440340452,0.0,900.337677511,0.147870613892,900.510283043,900.297324492,143,-87.0
1.740000000000001,-6.99586225054,-0.00332869859482,0.0,0.0276356327119,2.99701027525,0.0,-3.4510352799,-0.0105195327224,-14.4507299763,-0.0853718741648,-28.8244063305,0.0,899.547765442,-0.866226403553,900.113512381,900.252260134,144,-87.0
1.740000000000001,-6.9483657402,-0.00296509271099,0.0,6.06071915581,2.99631693957,0.0,-3.41591943105,-0.0368831441883,-14.419966467,-0.166468251753,-28.8448980129,0.0,900.376365153,-0.305740022641,900.264985992,900.508492373,145,-87.0
1.740000000000001,-6.99851999433,-0.00353580216615,0.0,6.01327408719,2.98227649484,0.0,-3.44289132207,-0.0433827363322,-14.4290441975,-0.329604041621,-28.8227962745,0.0,899.560865256,0.470057187273,899.990788113,899.95074904,146,-87.0
1.740000000000001,-7.05252010347,-0.00471778196654,0.0,6.0009664478,3.022408825,0.0,-3.48766251864,-0.060146762406,-14.533241837,-0.375089388145,-28.8631469492,0.0,900.90809844,0.362230888863,899.821906497,899.755838359,147,-87.0
1.740000000000001,-7.0206559229,0.00203476171867,0.0,0.031835281991,3.01598608557,0.0,-3.47041227781,0.00396222798973,-14.4555045965,0.0814320441359,-28.8195598315,0.0,899.399255865,0.264931051176,900.620433333,900.026728055,148,-87.0
1.740000000000001,-6.95719083757,-6.02882314902e-05,0.0,6.10748787758,2.97936297647,0.0,-3.41838715745,-0.016506525322,-14.3429231704,-0.133963101027,-28.8304768055,0.0,899.916762384,0.126061707536,899.90956042,900.107353585,149,-87.0
1.740000000000001,-7.14126886851,0.00142036212402,0.0,6.26439842263,3.0614525226,0.0,-3.55935414507,0.00378733142375,-14.6806041242,-0.0288926997067,-28.835295077,0.0,900.045351756,0.168609897052,900.455614237,899.424455414,150,-87.0
